915306236551
906289168679
883261628928
885013628928
885340128633
885233928633
880287972002
883250872002
885801948871
883918748871
883688056306
884546772934
883233872934
880489820421
880384304781
883877220421
883868104781
884212980625
879385596158
880471696158
882796780625
877979264101
882243064101
882463708446
882957512401
883043356703
882176120228
882638020228
882045048297
882702324592
881649584243
881308184679
878487556828
873943308191
871085600127
870832188264
870629288098
870179764799
871404880036
871143484551
863298608630
868826900190
871721152187
867684624373
868258836672
861895504285
867232884576
860898304799
864812216325
864202956687
867999040863
867738828261
859456604048
866977092962
865330964415
857226504976
860568252026
854862096217
856205700279
861711764537
854805180727
858982920186
852847956324
859562268611
851234252245
847833360651
833464344436
822066448640
813027036940
751782516075
