857335896587
857341564898
857511696430
856938264077
856736584833
849083976683
848874528962
847900080721
851008908390
851018828531
858380580054
859703064269
848290812884
855395100109
848297848317
859756228760
853803928742
853818308991
855223040029
854828200121
855248476010
856428316282
862109272907
862112632012
856646600871
857027988535
863147392876
862560172826
863180832471
857850764955
858222720771
857099156568
864549696757
864552396554
863795636563
864753896056
858017300449
863958584435
859402460819
865334816071
863965328401
864765180660
866138628607
868735468280
868555376104
868769048212
862675728488
863064452659
869513748974
866281584206
867822540389
864865252929
871332068239
871337536236
868442732757
869234884612
869259476821
871813320210
870765472261
870770296021
873390364255
876270776794
878123880403
880238368771
857505188487
847881240030
857964140938
861346572350
853251624830
862196980156
858406132287
858613264151
859010768597
863973004480
864007708427
863687444793
866616936346
871942880324
879269552446
880684156823
734239360021
832541680570
834562356124
835488856384
840188216136
839015348242
837890268577
848534348974
848178208041
848369844829
849904088378
848385904823
842671408466
848960628181
848790708583
848393588439
850510292176
848977692852
847949636112
848978748617
840672268826
843644824957
844003916463
849365736940
840684176744
844032068046
844632072762
850918620080
844048332249
843694884170
844646800226
850123144148
844659368352
852102876271
851336148209
850589484930
851733412722
844866684702
851735008926
852301448174
845048460775
851749356029
846788812033
845418120887
846210172980
846212668793
852917424980
843462056556
851975272495
852164576607
850956768582
853725312316
845287044703
852174556082
846058128388
845858176897
882621972697
883125192506
883814500217
884934360211
915306236551
751782516075
814132704621
839787992078
843038512924
842875140882
849938476121
843085248017
850340968243
844226764470
843849492086
844820544840
850759196271
846774456996
844654304792
853301084096
845073092608
882520388807
880257708276
883542732397
868930028058
862457632856
863614256818
868756136436
863627400855
862835532829
863416096990
864003420156
863815356699
868954804710
866756900069
864405944811
862284868911
868975520220
865202256084
865006916185
860878680878
865801628267
864628440465
865810384220
865612424882
864633876613
866010204749
868998556478
863438472701
863862388714
869730216458
870306004129
865636696789
860022428722
866331028849
861070888439
866984804840
866383208144
862624136464
868740168614
859684516046
859280772280
862663688634
863882312673
866214132366
863242004729
863891824980
865655532825
865256876340
869756856414
865678248045
869766140175
870351324036
865268968074
869773404863
870361788887
869992980880
866838820054
868008568793
868012676099
867421584503
867234752150
866858540624
866861584062
867242088871
867248028143
868410508557
867056176344
871330036811
866888060631
868229556721
870588472450
867657560201
867091736186
867286700424
868241412808
867088304241
870734712595
868084152889
871701944328
868812960786
867864632750
868687292040
868824804707
868499512149
870606928146
871901840478
864495964756
866465808132
869477868713
869044288406
869279332713
871418412361
871034268495
871436800530
869080680501
870849876368
871039416731
868846588865
872705428760
872404912116
872194908207
870688872453
870892664324
872708216654
861859540936
865469748284
866061564407
866299016526
861894172375
869425080607
868483036617
868492424235
870025492726
869609348001
870223924609
867891648569
869474776202
869491640180
866471908655
872004952076
872356988543
871483072081
855301108500
855706504203
847614520498
847416560027
856705088543
856329864307
857502088729
849420096607
855319880550
848420488135
849655008144
847867040616
847462996502
856384444169
849224664596
847689080852
856185908385
857541332825
856772428658
858313628058
858513020266
858131172580
855956608312
858136308671
850247612128
851225456454
858153548561
851239480955
851242200905
850060092135
857962660561
850832504888
858549384940
858164432928
858707372718
853390932637
850462616911
850273024251
850075840044
858572456338
858573548638
849462300764
851268308124
850091324914
855370564701
848261296383
851463600722
857785976431
848676824190
850675800169
851604192621
848090432975
850678068596
851477552587
850687452862
850873636973
851291868074
859501992058
859906428074
859908536513
859335896339
859343472315
859728396180
855591644820
848599836818
849807816838
856126156028
856136272463
855141388856
856549168687
849664024147
856568048041
858316944793
850445640028
855566376052
851040580979
850064052386
848661852220
858725272520
850697916817
858782516512
851871944281
858962324135
859974924416
860352368073
858978256957
860718860084
853805756532
853827832730
860515356681
855405520482
860392884351
853665072945
852892068227
861338320462
854441376903
861343836275
853895444745
855240592505
861723152279
856214132860
854466880979
861736276845
861355924187
856047408408
854217092852
854087488909
853072880486
861380144410
856244540300
861195444693
856606532810
860946312871
862507016136
862136800376
861792224725
862520012582
856822416234
855690572736
863117068303
857427904386
862532092792
863131572749
862167332829
857616028992
856857892728
862961888984
856877808765
853496836863
863746368176
862795444700
857480540889
857839640575
857841220790
864518712731
858225736536
863937808993
864112332439
860989336104
861574416301
863538940172
865325608071
864361808201
860005720813
858642232481
863960716069
855610276340
852897536464
854850492516
861161908685
861935004907
856086684042
856276028322
854234176490
862911680821
856473568551
863727756184
856880996935
858606104073
865338148453
865146104129
864125392708
858272064762
865347296463
859855148209
865921988208
865929692176
864139332249
866557332040
859657036510
861072636797
866374712316
866974524255
861644368994
867373348617
861466056556
868103676163
861657148041
859065772333
861478184445
859070076312
859073368582
868117880271
867555392135
868131432221
868505904254
861683924684
867755000226
868514292942
868715360409
868322252015
862627024768
868153488266
858098476977
860460700992
862046060775
867596180019
862246608315
863031276566
862648656363
871089948128
871860028658
872542228962
873114880085
872382140882
872545464701
873208360044
873156760415
872276160752
869637064341
872269912928
874904860209
874907232764
872734968663
874140904663
875318660564
875900160220
873193440032
875542968423
873286572464
875564932568
875141272118
873668440136
875347228727
874020992393
875165684487
875583392986
875926328348
874641492807
874438988681
873872652295
874449440061
875603480565
875970060041
873894100872
874286944909
875614192878
876709044410
874672712871
874075624070
876540624451
875646608232
876400900288
874694084853
874095632733
874499248584
876747768999
876622528696
875456216130
876420892483
875685712477
876252036762
877028568011
876591088476
877021264898
875757652988
871281756713
877802116209
871282816973
876664180566
876794328979
876853160213
876453540100
873206604680
873927164446
868866292013
872931700184
874771072677
876312684566
875910184864
875572588238
874616296302
876224028032
876561400610
875449272853
876572436160
876257160919
877027412140
877204864363
876683972675
876292720911
877439772901
877441244286
876679340556
878220648101
877724624428
877633788599
877634816202
877085196798
876167656494
878033432886
877555844545
877882064082
877493948746
877678372480
877887988663
878666296333
879009028202
878281140538
878734276431
879515692222
878410288639
879501732473
879110312561
877699504747
878687728920
878255576297
879415052312
880100236895
880001964908
879531320722
878942524001
878948288209
879131372516
878940944538
879133936008
879020216988
879924372520
879534932504
876053816838
879281476322
880121668596
878382408169
880028260053
878985644094
878991504073
880604936210
880205316853
880530204087
879430804702
880617216805
880051360549
881112128166
881519748663
881814704019
881825708222
881282688253
880434412722
877721840238
876984524665
877849520998
877852560888
878034720498
878035816263
878630096782
877857948453
878507952033
878051560126
877894428188
878738784679
878538028062
878681728726
878350704140
878291796921
879915308127
878365836086
878954716733
879922812423
880807992761
881767088893
833665288871
839784132849
843734604644
838021948719
838051504364
844155744767
839410732076
848773016003
848192468876
848788412066
848964552843
843242472954
842884024441
843646776723
849940916910
849370940285
850328028740
850719384501
850343524258
844624684679
851326632071
844846736053
851147908083
850792432243
851728212440
849543340246
845055748477
851782636510
851978944820
852934268002
845278492864
849759052889
845867356046
855702704011
856511076344
856515780126
847636596583
849622036609
856532876163
856927812662
847649972274
853343584920
882127772334
882759852188
882189020494
882938524884
883618324660
882560660346
882566936229
882662272624
879099484353
883841712871
884503204331
882595584840
884511916876
884410672060
877996796396
880276732635
883715168644
884524416116
883663068151
884347668978
885513788831
885601604823
906502988459
837213784299
843923692140
843371752453
848363280086
843821088208
850736328433
851908000788
851320836329
849019356575
883139460287
883336384162
883846240172
883860516512
883178680318
884254984367
831629312754
841181976642
837261484618
845104720141
857528860323
847877744302
857368764477
847886904959
849699876488
848054364221
849845960042
855965976779
857980320442
849264020553
859115712632
852809064214
859740092357
855391664992
852084876676
860176976738
854827060064
854622844442
861938636625
862305936263
862917324266
862349752680
860970592078
863160084087
857857920382
857870792614
853288520862
864932568349
860606172393
861442480531
860678212632
866378176264
862635032415
859098176444
868947656125
859297500905
862273772230
866801564477
871116560895
868205212128
863272148469
868444380883
871723208124
870231068015
869083704300
872335840036
871456436024
878032288109
879408456394
879186492794
882437336162
883038773000
883806412923
883438916708
884917956669
885215352864
844761248881
849641308821
849058596884
847678448221
858140176219
858160616069
851646628092
860918136951
853075348733
861985836210
863784344634
862209064888
863205732575
869373596728
870067340746
874523632430
876615944244
882228868075
882259668190
884816228679
822052908953
846165596678
847947512625
849367040273
844411232949
850379240489
840699268882
847979236895
847981180834
852125592721
846011296430
844435340953
853703220528
847602264611
847801596196
855700620011
855900532341
857313184474
847843164509
848221976278
847681628138
856968536222
857373472689
858303900835
851006260573
849445212993
858700740872
859330032234
852422484130
859767748665
859579044061
860390196600
856040524143
861153004417
856058908825
861747712034
862718732597
863124112290
857444328032
857271564299
857836248505
864583568478
859264668882
862412400835
862653648665
864215356017
868392792456
864020696868
863098676676
866419372817
866849808389
868224440732
871534728400
871143484551
870095336017
872216004335
873712028072
872584628402
874321500244
875862324439
878207308371
882140692557
883307152680
885117384313
850797528927
849571696008
849802212637
856934020843
855543480795
859339812170
860902236002
858802140009
858632332435
864371524410
862000488072
867565620034
863011112785
865815888943
871507048357
883160112788
868812960786
867864632750
868824804707
862349752680
860970592078
832606400137
810876908013
824926840670
834350664957
834198712304
835919920698
841913632425
836801312425
838200512220
837083532635
837460764148
845128752416
842678500855
844825092074
851144408735
849765892822
857310668539
847839388593
849813900505
855321376886
833548188591
813027036940
915306236551
